1 1 3 2 2 1
1 2 2 2 3 1
1 3 3 2 1 1
1 4 3 5 2 1
1 5 3 3 2 1
1 6 11 4 1 1
1 7 3 1 1 1
1 8 3 4 1 1
1 9 3 4 1 1
1 10 3 1 3 1
2 11 3 3 1 2
2 12 3 4 2 2
2 13 3 3 2 1
2 14 3 5 2 1
2 15 5 5 1 1
2 16 5 4 2 1
2 1 3 4 1 1
2 17 11 5 2 1
2 18 12 5 1 1
2 19 3 5 2 1
2 20 4 1 1 1
2 21 10 5 2 1
2 22 10 3 2 1
2 23 3 1 2 1
2 24 11 5 1 1
2 25 3 5 2 1
2 26 3 3 1 1
2 27 3 5 2 1
2 28 3 4 2 1
2 29 3 2 1 1
2 30 2 4 2 1
2 31 10 5 1 1
2 32 13 5 2 1
2 33 3 1 2 1
2 34 10 4 2 1
2 35 10 5 2 1
2 36 10 3 2 1
2 37 10 5 2 1
2 38 3 1 2 1
2 39 14 3 2 1
2 40 10 2 1 1
2 41 4 4 1 1
3 42 9 5 3 1
3 43 13 4 1 1
3 44 9 5 3 1
3 45 15 5 3 1
3 46 15 4 1 1
3 47 15 4 3 1
3 48 2 5 3 1
3 49 11 2 3 1
3 50 10 5 3 1
3 51 1 4 3 1
3 52 11 4 3 1
3 53 10 5 3 1
3 54 11 3 3 1
3 55 11 5 1 1
3 56 11 5 3 1
3 57 15 4 1 1
4 58 5 4 1 1
4 59 3 4 3 1
4 60 5 2 1 1
4 61 5 5 2 1
4 62 5 4 1 1
4 63 4 3 1 1
4 64 5 4 2 1
4 65 5 4 1 1
4 66 5 4 2 1
4 67 5 5 1 1
4 68 7 3 2 1
4 65 5 5 1 1
4 69 10 3 1 1
4 70 10 4 1 1
4 71 17 3 1 1
5 72 4 4 1 1
5 73 4 5 3 1
5 74 4 4 3 1
5 75 19 4 1 1
5 76 4 5 1 1
5 77 17 5 2 1
5 78 17 5 3 1
5 79 19 4 3 1
5 80 19 5 1 1
5 81 11 5 1 1
5 82 19 5 1 1
5 83 19 2 2 1
6 84 15 4 4 6
6 85 15 5 3 3
6 86 15 5 1 3
6 87 15 5 1 3
6 88 15 5 3 3
6 89 15 5 1 3
6 90 5 5 3 3
6 91 17 5 3 2
6 92 3 5 3 2
6 93 15 5 3 2
6 94 15 5 1 2
6 95 15 5 1 2
6 96 17 5 2 2
6 97 2 5 3 1
6 98 4 5 3 1
6 99 10 5 3 1
6 100 3 5 2 1
6 101 15 5 2 1
6 102 3 2 2 1
6 103 19 4 2 1
6 104 3 5 2 1
6 105 17 5 3 1
6 106 17 4 2 1
6 107 15 5 2 1
6 108 19 4 2 1
6 109 17 4 2 1
6 110 15 5 2 1
6 111 3 5 2 1
6 112 15 5 3 1
6 113 10 5 2 1
6 114 15 4 2 1
6 115 15 5 2 1
7 116 3 4 2 1
7 100 3 4 2 1
7 117 3 5 2 1
7 118 11 2 2 1
7 119 9 5 2 1
7 120 7 4 2 1
7 112 15 5 1 1
7 121 9 5 2 1
7 122 1 2 2 1
7 123 2 5 2 1
7 124 9 3 1 1
7 125 9 4 2 1
7 126 5 5 2 1
7 127 1 2 2 1
7 128 2 5 1 1
7 129 3 4 2 1
7 115 18 5 2 11
7 130 18 5 2 11
8 115 18 5 2 11
8 130 18 5 2 11
8 131 8 4 2 11
8 132 18 1 1 11
8 133 3 4 2 5
8 134 4 4 2 5
8 135 4 2 2 5
8 136 10 3 2 5
8 137 4 4 2 5
8 138 4 5 2 3
8 139 4 1 2 3
8 140 4 3 2 3
8 141 10 1 2 3
8 142 3 1 2 3
8 143 18 2 2 3
8 144 10 4 2 2
8 145 3 3 3 2
8 146 3 1 2 2
8 147 15 5 2 1
8 148 10 5 2 1
8 149 11 5 2 1
8 150 6 5 2 1
8 151 11 1 2 1
8 152 3 4 1 1
8 153 3 4 2 1
8 154 3 5 2 1
8 155 3 1 2 1
8 156 15 4 2 1
8 157 15 3 1 1
8 158 8 5 2 1
8 117 3 2 2 1
8 159 11 5 1 1
8 160 10 3 2 1
8 161 16 5 1 1
8 162 8 5 1 1
8 163 3 5 2 1
8 164 10 5 2 1
8 165 11 5 1 1
8 166 11 5 1 1
8 167 11 1 1 1
8 168 11 4 2 1
8 169 8 3 2 1
8 100 8 3 2 1
8 100 8 3 2 1
9 170 10 5 3 1
9 171 10 4 1 1
9 172 10 1 3 1
9 173 12 5 3 1
9 174 10 4 3 1
9 175 10 4 1 1
9 176 11 5 3 1
9 177 11 4 3 1
9 178 19 5 1 1
9 179 19 4 3 1
9 180 19 5 3 1
9 181 14 4 2 1
9 182 11 4 1 1
9 183 10 4 3 1
9 184 16 1 3 1
9 185 17 5 2 1
9 186 14 4 2 1
10 187 10 5 2 1
10 174 10 4 1 1
10 188 11 5 1 1
10 189 10 5 3 1
10 190 10 5 1 1
10 191 16 4 2 1
10 192 14 4 3 1
10 193 10 4 1 1
10 194 17 4 2 1
10 195 16 4 2 1
10 186 16 4 2 1
11 197 7 4 2 2
11 198 10 5 2 1
11 199 17 4 1 1
11 200 7 5 2 1
11 201 9 5 1 1
11 202 10 5 2 1
11 203 7 5 1 1
11 204 16 5 2 1
11 205 7 5 2 1
11 204 16 5 2 1
11 206 7 5 2 1
11 207 15 5 1 1
12 208 10 4 1 5
12 9 3 5 2 1
12 209 11 4 2 1
12 210 12 4 1 1
12 211 15 5 2 1
12 212 10 5 1 1
12 213 10 5 2 1
12 214 10 5 1 1
13 215 12 1 2 1
13 216 4 5 2 1
13 217 4 4 2 1
13 218 4 5 2 1
13 219 4 4 3 1
13 220 4 5 2 1
13 221 16 4 2 1
13 222 19 3 2 1
13 223 19 5 1 1
13 224 19 3 2 1
13 225 3 3 1 1
13 226 19 5 2 1
13 227 15 5 2 1
13 228 4 5 1 1
14 229 7 1 3 3
14 230 19 3 3 2
14 231 19 3 1 1
14 232 19 4 3 1
14 233 19 2 1 1
14 234 8 3 1 1
14 235 8 4 3 1
14 236 15 4 1 1
14 237 7 4 1 1
14 238 7 4 1 1
14 239 7 2 1 1
14 240 7 5 1 1
14 241 8 4 1 1
14 242 8 4 1 1
15 243 3 3 1 3
15 244 3 5 2 2
15 245 3 2 2 1
15 246 9 3 2 1
15 28 3 5 2 1
15 247 12 5 1 1
15 100 3 3 2 1
15 248 12 5 2 1
15 249 19 2 2 1
15 250 3 4 2 1
16 251 20 5 2 11
16 252 20 5 2 11
16 253 20 5 2 11
16 183 10 1 2 10
16 254 9 5 2 10
16 255 1 5 2 9
16 256 7 5 1 8
16 257 7 5 2 8
16 258 9 4 1 7
16 259 3 5 1 6
16 260 10 4 2 6
16 261 10 1 2 5
16 262 10 2 3 5
16 263 7 4 2 5
16 264 9 5 1 4
16 265 9 5 1 4
16 266 6 5 2 4
16 267 6 1 2 4
16 268 9 4 2 3
16 269 21 5 1 3
16 270 6 1 2 2
16 271 10 1 2 2
16 272 7 4 2 1
16 273 18 4 2 1
16 274 6 5 2 1
16 275 15 4 2 1
16 276 6 4 2 1
16 277 6 1 1 1
16 278 11 4 1 1
16 279 11 4 1 1
16 280 1 4 1 1
17 281 10 4 2 2
17 282 15 5 2 2
17 283 10 5 2 2
17 284 7 4 2 2
17 285 8 4 1 2
17 286 4 5 1 2
17 287 22 5 1 2
17 288 22 4 2 2
17 289 22 4 2 2
17 290 15 5 2 2
17 291 18 5 2 2
17 292 18 1 2 2
17 293 18 5 2 2
17 294 18 2 2 2
17 295 18 5 1 2
17 296 18 4 2 2
17 297 7 1 1 2
17 298 7 4 1 2
17 299 7 5 1 2
17 300 9 1 1 2
17 301 17 5 1 2
17 302 17 5 2 2
17 303 10 2 2 2
17 304 4 2 1 2
17 305 17 5 2 2
17 306 17 4 2 2
17 307 11 3 2 2
17 308 11 4 3 2
17 309 10 1 2 2
17 310 10 5 2 2
17 311 10 4 2 2
17 312 10 5 2 2
17 313 10 2 2 2
17 314 10 4 1 2
17 315 18 4 2 1
17 316 9 4 2 1
17 317 9 3 2 1
17 318 10 5 2 1
17 319 10 5 2 1
17 320 19 3 3 1
17 321 8 5 1 1
17 322 3 4 2 1
17 323 3 1 1 1
17 324 18 5 2 1
17 325 11 5 2 1
17 326 10 4 1 1
17 327 17 5 2 1
17 328 12 4 1 1
17 329 12 4 2 1
17 330 9 3 1 1
17 331 13 5 2 1
17 332 1 2 2 1
17 333 9 4 3 1
17 334 10 4 1 1
17 335 10 4 2 1
17 336 10 5 2 1
17 337 10 5 2 1
17 338 10 4 2 1
17 339 10 4 2 1
17 340 10 4 2 1
17 341 10 5 2 1
17 342 10 3 1 1
17 343 10 5 2 1
17 344 15 5 1 1
17 345 15 4 2 1
17 346 10 5 1 1
17 347 4 5 3 1
17 348 4 4 1 1
17 349 16 5 1 1
17 161 16 5 1 1
18 350 3 2 1 3
18 351 10 3 2 2
18 352 5 5 3 2
18 353 16 4 1 1
18 354 10 3 3 1
18 355 9 5 2 1
18 356 9 4 2 1
18 357 7 5 3 1
18 358 15 4 2 1
18 359 2 4 2 1
18 360 15 4 2 1
18 361 16 2 2 1
18 362 11 2 3 1
18 363 12 4 2 1
18 364 3 4 2 1
18 365 3 4 1 1
18 366 9 4 1 1
18 367 6 5 2 1
18 368 11 4 3 1
18 369 1 5 2 1
18 370 10 4 3 1
18 371 10 5 1 1
18 141 10 4 1 1
18 372 10 1 2 1
18 373 10 5 2 1
18 374 1 5 2 1
18 375 12 5 2 1
18 376 3 3 2 1
18 377 1 4 1 1
18 378 6 1 1 1
18 379 6 5 1 1
18 380 2 2 2 1
18 381 3 5 3 1
18 382 7 4 2 1
19 383 8 5 2 1
19 384 16 5 2 1
19 111 3 5 2 1
19 385 3 5 2 1
19 100 3 5 2 1
19 386 14 2 2 1
19 386 14 5 2 1
19 387 14 5 2 1
19 388 15 4 2 1
19 389 15 5 3 1
19 390 16 4 2 1
19 391 11 2 3 1
19 392 10 5 1 1
19 393 7 5 3 1
19 394 7 5 2 1
19 395 15 5 2 1
20 396 10 4 2 5
20 397 10 3 2 4
20 398 10 4 2 4
20 399 10 3 1 4
20 400 10 4 1 4
20 401 10 4 1 4
20 402 10 4 2 3
20 403 10 2 2 3
20 404 10 5 2 2
20 405 13 2 2 2
20 406 10 4 1 2
20 407 9 2 2 2
20 408 10 3 2 1
20 409 10 4 1 1
20 410 10 2 2 1
20 411 10 4 1 1
20 412 10 5 2 1
20 413 10 4 1 1
20 414 15 3 2 1
20 415 15 4 1 1